10
64
2 698021
3 132130
5 450635
7 638513
19 793608
23 645931
29 162537
31 360440
37 238898
41 263463
43 203554
47 976477
53 843232
59 198064
61 258219
67 744003
73 796790
79 336649
83 688374
89 143277
97 496954
101 241915
103 815134
107 587599
109 969530
113 674703
127 747943
131 956504
137 962016
149 901191
151 981558
157 347143
163 158086
173 895175
179 953515
191 866073
193 106665
197 694594
211 349677
223 985835
229 436125
257 350239
263 555426
269 933551
271 935771
277 739850
281 935341
293 173305
307 862803
313 447754
317 623559
331 844486
347 785814
353 342754
373 943439
379 618323
389 632042
401 173080
421 787313
439 721878
443 772770
461 985017
467 600589
487 329011
82
2 822158
3 207739
5 769217
7 409665
11 658962
13 293966
17 466130
19 193891
23 868473
29 118665
31 685277
37 533031
41 335238
43 740348
47 685710
59 526758
61 908286
67 829958
71 545301
73 813512
79 593555
83 817181
89 694316
97 432510
101 296751
103 532183
109 689198
113 843820
131 412752
137 219686
139 596981
149 377030
151 843980
157 217738
163 888175
167 208267
179 154322
181 914894
191 823159
197 431540
199 111358
211 467078
223 709055
229 420791
233 572958
239 763777
241 352456
251 319121
257 542124
263 197703
269 964342
271 975092
281 615941
283 103175
293 249134
307 421301
311 887707
313 588466
317 472328
331 293668
337 673551
347 962102
353 262288
359 980619
367 162111
373 575037
383 574464
389 542501
397 966436
401 213974
409 985979
419 865328
421 426888
431 337249
433 343247
439 299728
443 580061
449 614209
461 347748
479 954628
487 291663
499 827067
88
2 820521
3 712317
5 881868
7 307515
11 915732
13 833695
17 667194
19 376995
23 688639
29 786333
31 332483
37 425724
41 257936
43 366138
47 375690
53 551110
59 508385
61 511042
67 652355
73 296003
79 968435
83 158858
89 225389
101 302230
103 132159
107 757210
109 657253
113 872202
127 392608
137 766604
139 552261
149 942013
151 109374
157 905788
163 892505
167 408228
173 680127
179 121920
181 731704
191 957094
193 346426
197 149345
199 273731
211 369296
223 633764
227 937268
229 734782
233 674695
239 995307
241 502167
251 724036
257 796165
263 467219
269 163948
271 616887
277 265599
281 806506
283 635605
293 688787
311 422250
313 977860
317 192282
331 470494
347 418600
349 135023
353 262162
359 943721
367 990526
373 863667
379 764595
383 969715
389 270544
397 784060
401 723837
409 915873
421 538616
431 408888
433 206872
439 576384
443 742466
449 901687
457 920890
461 954220
463 964918
467 699175
479 226155
487 301218
491 763101
69
2 670264
3 633056
5 547815
7 160575
13 200652
17 409421
19 644109
23 349406
29 325635
37 380158
41 835758
43 268264
47 775857
53 340870
61 541024
67 900331
73 455191
79 289157
83 937753
89 770223
101 955634
107 148311
109 411961
113 985038
127 326004
131 620160
139 633024
151 901782
157 954549
163 190400
167 948470
173 924908
181 420416
193 770923
197 390808
211 395087
223 985429
227 946000
229 730617
233 845128
239 345076
241 316635
251 390122
263 505984
269 268406
271 227587
277 263931
281 303237
293 580078
307 129033
317 972494
347 794472
349 539977
353 448747
367 288090
379 477494
389 142227
397 401453
401 670319
419 220323
433 491017
443 528087
449 358457
457 205715
463 908813
467 828625
479 688986
487 606615
499 793354
85
2 336253
3 607878
5 466478
7 376403
11 107811
13 724712
17 336901
19 114304
23 611251
29 904203
31 982368
41 360075
43 173904
47 326179
53 968447
59 322839
61 560420
67 138470
73 524250
79 770794
83 236474
89 413314
97 919383
103 289885
107 433744
109 744183
113 453860
127 662600
131 928667
137 225668
139 123588
149 242095
151 849041
157 807926
163 850096
167 898900
173 794123
181 574032
191 179259
193 202040
197 738721
199 134867
211 298579
223 741554
227 535972
229 858491
239 135272
241 929910
251 313667
257 968663
263 144477
277 967370
281 408993
283 600015
307 988589
311 687379
313 323783
331 381024
337 638263
347 608273
349 388705
353 596976
359 175663
367 750273
373 714612
379 442358
383 683565
389 111013
397 490966
401 707068
409 420950
419 313214
421 524563
433 623261
439 767767
443 617489
449 205345
457 278370
461 641025
463 552080
467 480911
479 517884
487 984545
491 524955
499 489252
61
3 288880
5 865840
7 307329
17 945895
23 140156
41 343257
43 350452
47 873505
53 357797
59 880440
73 731070
79 214952
83 997312
89 762398
97 755463
103 888509
109 218113
149 345043
151 718189
157 186913
179 819297
181 516866
191 751909
193 927566
197 488058
199 547026
211 317862
223 617192
227 894706
229 945907
239 517893
241 185915
251 165413
257 532775
263 214682
271 993357
283 267752
293 618143
307 979711
311 902728
317 189168
331 950590
337 628211
349 245851
353 224403
359 251283
373 804440
379 534021
383 602787
389 577144
401 341060
409 122568
421 871174
431 930943
439 754300
443 930367
457 194195
463 351007
479 507401
491 266546
499 221432
83
2 202846
3 633227
5 410304
7 491847
11 787032
17 770358
19 350360
23 850505
29 948722
31 632030
37 297619
41 211021
43 786196
47 599407
53 495679
59 274174
61 141866
67 542794
71 834896
79 246169
83 578808
89 276683
101 849173
109 810830
113 943616
127 415664
131 326335
137 961655
139 170479
149 990080
151 722299
157 902070
163 136550
167 773172
179 581706
181 569654
191 788570
193 987206
197 349453
199 668348
211 962165
223 238226
227 160141
229 596704
233 172279
239 165807
241 969929
251 433953
263 746021
271 779187
277 343886
281 580720
283 357486
307 997602
313 222562
317 886358
337 101074
347 711923
349 627526
353 415449
359 879325
367 712034
373 548846
379 113095
383 836050
389 167368
397 924375
401 634685
409 110716
421 904681
431 662430
433 838168
439 574025
443 765456
449 937357
457 831766
461 465035
463 501254
467 899448
479 215231
487 663126
491 356681
499 710992
66
5 226740
7 515209
13 637944
17 115735
19 430237
23 389641
29 611502
31 673528
37 681075
41 590768
43 148781
53 247363
59 218862
67 227695
71 554598
73 637760
79 765270
89 153229
97 897010
107 158049
113 932879
127 778332
131 589990
137 632284
139 926008
149 231776
151 381780
163 994301
173 698464
181 912747
191 587502
193 751953
197 723230
211 225720
223 252236
227 366704
229 433015
241 630067
251 250984
263 713018
269 106648
271 300583
277 229562
283 836827
293 648540
313 279216
317 909666
331 734176
347 670769
349 319602
353 626266
367 317412
379 666592
389 825612
397 498468
401 717681
409 519768
419 968358
431 936314
433 578840
439 523164
443 410032
467 851359
479 782635
487 121633
491 238310
80
3 507287
5 478513
7 318084
11 660920
13 102526
19 739098
29 638563
31 678159
37 354319
41 730762
43 901987
47 125963
53 891002
59 408084
61 188694
67 996860
71 157772
83 325510
89 442934
97 487574
101 407795
103 582528
107 298155
109 210862
113 300895
127 205530
131 338908
137 531544
139 376089
149 781087
151 971920
157 527488
163 720039
173 473577
181 191399
191 441408
193 132855
197 837665
199 937544
211 161602
223 119737
227 306449
229 511542
233 297647
239 364510
241 706399
257 825061
263 265470
269 168464
271 486833
281 946997
283 814747
293 506712
307 767609
313 650759
331 142874
347 751721
353 362746
359 887103
367 959565
373 178548
379 510741
383 291352
389 485789
397 155092
401 286112
409 781807
419 649377
421 257389
431 818610
433 219474
439 835807
443 834964
449 427181
457 425450
463 795410
479 535640
487 306258
491 843944
499 145717
89
2 690214
3 883791
5 256929
11 469120
13 533938
17 814109
19 377690
23 896391
29 390596
41 251241
43 853152
47 696483
53 774165
59 528926
61 662290
67 611725
71 189340
73 246456
79 824952
83 265066
89 202520
97 768692
101 527425
103 815590
107 687437
109 805031
113 255105
127 581936
131 372676
137 752968
139 778161
149 183887
157 245879
163 552352
167 351590
173 876165
179 384363
181 440194
193 547860
197 201254
199 259021
211 604394
223 268481
227 233467
229 777449
233 813824
239 293399
241 921969
251 174844
257 883842
263 890806
269 690783
271 964838
277 758837
281 499274
283 925645
293 951481
307 558410
311 966929
313 338608
317 352401
331 102149
337 859098
347 628555
349 866636
353 223262
359 586035
367 187750
373 168045
379 830763
383 217102
397 381446
401 583337
409 766580
419 288982
421 534329
431 550489
433 322811
439 595383
443 410905
449 768829
457 579960
461 773705
463 768121
467 321618
479 335088
487 303724
491 237347
499 606706
